v2-align(21405537) layout 7 cell 1.7 door dir [0. 1.] plate side 1 correct 1 plate [1.28 3.28] activation stage [(14.24, 'approach'), (15.48, 'settle'), (15.88, 'cross'), (15.88, 'cross_kick'), (19.92, 'recorded')]
t  phase  along lat(+=wall side)  yawerr  cmd(eff body)  rec_cmd  v_body  yawrate  tilt  plate-contacts(body:N)
 13.96 recorded -0.778 -0.336 -1.53 [+0.05,+0.35,-0.04] [+0.05,+0.35,-0.04] [+0.20,+1.07] -0.11 0.036 
 14.04 recorded -0.765 -0.332 -1.55 [+0.05,+0.35,-0.03] [+0.05,+0.35,-0.03] [-0.15,-0.03] -0.00 0.043 
 14.12 recorded -0.758 -0.330 -1.56 [+0.05,+0.35,-0.03] [+0.05,+0.35,-0.03] [+0.18,+0.61] +0.19 0.056 
 14.20 recorded -0.720 -0.336 -1.55 [+0.05,+0.35,-0.03] [+0.05,+0.35,-0.03] [+0.05,+0.85] +0.20 0.044 
 14.28 approach -0.695 -0.333 -1.56 [-0.24,+0.18,+0.35] [+0.05,+0.35,-0.02] [-0.50,-0.42] -0.10 0.048 
 14.36 approach -0.698 -0.315 -1.53 [-0.23,+0.19,+0.35] [+0.05,+0.35,-0.02] [-0.11,+0.60] +0.58 0.073 
 14.44 approach -0.666 -0.306 -1.49 [-0.23,+0.19,+0.35] [+0.05,+0.35,-0.02] [-0.29,+0.45] +0.35 0.068 
 14.52 approach -0.661 -0.281 -1.47 [-0.23,+0.19,+0.35] [+0.05,+0.35,-0.02] [-0.33,-0.39] +0.10 0.084 
 14.60 approach -0.669 -0.266 -1.44 [-0.21,+0.22,+0.35] [+0.05,+0.35,-0.02] [+0.16,+0.22] +0.46 0.089 
 14.68 approach -0.641 -0.252 -1.39 [-0.20,+0.22,+0.35] [+0.04,+0.35,+0.00] [-0.03,+0.91] +0.44 0.069 
 14.76 approach -0.625 -0.210 -1.38 [-0.20,+0.22,+0.35] [+0.04,+0.35,+0.00] [-0.08,-0.37] +0.25 0.097 
 14.84 approach -0.649 -0.200 -1.34 [-0.18,+0.24,+0.35] [+0.04,+0.35,-0.01] [-0.59,-0.17] +0.80 0.088 
 14.92 approach -0.638 -0.183 -1.30 [-0.14,+0.26,+0.35] [+0.04,+0.35,-0.01] [-0.16,+0.33] +0.49 0.079 
 15.00 approach -0.601 -0.142 -1.28 [-0.15,+0.26,+0.35] [+0.04,+0.35,-0.01] [-0.65,-0.05] -0.04 0.100 
 15.08 approach -0.617 -0.139 -1.24 [-0.12,+0.28,+0.35] [+0.05,+0.35,-0.01] [-0.29,-0.31] +0.61 0.081 
 15.16 approach -0.615 -0.122 -1.20 [-0.08,+0.29,+0.35] [+0.05,+0.35,-0.01] [+0.12,+0.19] +0.38 0.084 
 15.24 approach -0.572 -0.094 -1.16 [-0.08,+0.29,+0.35] [+0.07,+0.35,-0.03] [-0.28,+0.56] -0.05 0.084 
 15.32 approach -0.575 -0.085 -1.13 [-0.05,+0.30,+0.35] [+0.07,+0.35,-0.03] [-0.04,-0.10] +0.53 0.069 
 15.40 approach -0.585 -0.072 -1.09 [-0.03,+0.30,+0.35] [+0.07,+0.35,-0.03] [-0.11,+0.52] +0.76 0.079 
 15.48 approach -0.553 -0.061 -1.05 [+0.00,+0.30,+0.35] [-0.27,+0.30,-0.03] [+0.12,+0.70] +0.61 0.054 
 15.56 settle   -0.546 -0.043 -1.03 [+0.00,+0.00,+0.00] [-0.27,+0.30,-0.03] [-0.20,-0.21] +0.18 0.059 
 15.64 settle   -0.547 -0.043 -1.02 [+0.00,+0.00,+0.00] [-0.29,+0.28,-0.03] [+0.18,+0.21] -0.06 0.058 
 15.72 settle   -0.529 -0.034 -1.02 [+0.00,+0.00,+0.00] [-0.29,+0.28,-0.03] [+0.11,+0.43] +0.04 0.048 
 15.80 settle   -0.538 -0.030 -1.02 [+0.00,+0.00,+0.00] [-0.29,+0.28,-0.03] [-0.16,-0.43] +0.03 0.061 
 15.88 settle   -0.536 -0.038 -1.02 [+0.00,+0.00,+0.00] [-0.28,+0.29,-0.01] [+0.07,+0.09] -0.04 0.052 
 15.96 cross    -0.498 -0.119 -1.01 [+0.16,+0.25,+0.35] [-0.28,+0.29,-0.01] [+0.49,-0.91] +0.06 0.099 
 16.04 cross    -0.505 -0.102 -1.01 [+0.16,+0.25,+0.35] [+0.22,+0.33,-0.01] [-0.67,+0.24] +0.02 0.061 
 16.12 cross    -0.496 -0.084 -0.97 [+0.16,+0.25,+0.35] [+0.22,+0.33,-0.01] [+0.37,-0.07] +0.42 0.026 
 16.20 cross    -0.511 -0.084 -0.95 [+0.17,+0.25,+0.35] [+0.22,+0.33,-0.01] [-0.02,-0.20] +0.19 0.031 
 16.28 cross    -0.500 -0.080 -0.93 [+0.18,+0.24,+0.35] [+0.16,+0.35,+0.05] [+0.16,+0.08] +0.55 0.033 
 16.36 cross    -0.463 -0.073 -0.88 [+0.18,+0.24,+0.35] [+0.16,+0.35,+0.05] [+0.57,+0.73] +0.72 0.017 
 16.44 cross    -0.455 -0.077 -0.85 [+0.19,+0.23,+0.35] [+0.26,+0.28,+0.04] [-0.01,-0.06] +0.38 0.017 
 16.52 cross    -0.443 -0.081 -0.83 [+0.20,+0.22,+0.35] [+0.26,+0.28,+0.04] [+0.38,+0.39] +0.16 0.028 
 16.60 cross    -0.416 -0.074 -0.79 [+0.21,+0.22,+0.35] [+0.26,+0.28,+0.04] [+0.16,+0.49] +0.62 0.027 
 16.68 cross    -0.379 -0.067 -0.74 [+0.22,+0.21,+0.35] [+0.29,+0.27,+0.01] [-0.11,-0.19] +0.38 0.032 
 16.76 cross    -0.385 -0.063 -0.70 [+0.23,+0.20,+0.35] [+0.29,+0.27,+0.01] [-0.43,+0.19] +0.41 0.057 _1:left:102
 16.84 cross    -0.383 -0.069 -0.68 [+0.23,+0.19,+0.35] [+0.28,+0.28,-0.03] [+0.25,-0.22] +0.53 0.069 _1:left:68
 16.92 cross    -0.359 -0.076 -0.64 [+0.24,+0.18,+0.35] [+0.28,+0.28,-0.03] [+0.38,+0.56] +0.38 0.046 _1:left:142
 17.00 cross    -0.312 -0.043 -0.60 [+0.24,+0.17,+0.35] [+0.28,+0.28,-0.03] [+0.27,-0.02] +0.62 0.061 _1:left:3
 17.08 cross    -0.293 -0.059 -0.57 [+0.25,+0.17,+0.35] [+0.23,+0.25,+0.00] [-0.03,+0.15] +0.63 0.042 _1:left:174
 17.16 cross    -0.314 -0.058 -0.52 [+0.26,+0.15,+0.35] [+0.23,+0.25,+0.00] [+0.45,-0.28] +0.56 0.041 _1:left:128
 17.24 cross    -0.304 -0.042 -0.48 [+0.26,+0.14,+0.35] [+0.12,+0.21,+0.04] [+0.22,+0.76] +0.29 0.083 _1:left:123 _1:right:71
 17.32 cross    -0.297 -0.043 -0.46 [+0.27,+0.14,+0.35] [+0.12,+0.21,+0.04] [+0.03,-0.13] +0.38 0.100 _1:right:66
 17.40 cross    -0.287 -0.061 -0.43 [+0.27,+0.13,+0.35] [+0.12,+0.21,+0.04] [-0.10,-0.24] +0.33 0.089 _1:right:50
 17.48 cross    -0.297 -0.083 -0.40 [+0.28,+0.12,+0.35] [+0.09,+0.17,+0.01] [-0.53,+0.18] +0.42 0.063 _1:left:263 _1:right:37
 17.56 cross    -0.290 -0.081 -0.38 [+0.28,+0.11,+0.35] [+0.09,+0.17,+0.01] [+0.30,-0.15] +0.23 0.088 _1:left:0 _1:right:87
 17.64 cross    -0.290 -0.091 -0.37 [+0.28,+0.11,+0.35] [+0.00,+0.35,+0.01] [+0.13,-0.07] +0.20 0.095 _1:right:54
 17.72 cross    -0.290 -0.102 -0.37 [+0.28,+0.11,+0.35] [+0.00,+0.35,+0.01] [+0.03,-0.12] +0.07 0.103 _1:right:47
 17.80 cross    -0.292 -0.113 -0.37 [+0.28,+0.11,+0.35] [+0.00,+0.35,+0.01] [-0.07,-0.07] -0.15 0.115 _1:right:79
 17.88 cross    -0.291 -0.119 -0.37 [+0.28,+0.11,+0.35] [+0.01,+0.35,+0.00] [-0.14,-0.04] -0.19 0.145 _1:right:81
 17.96 cross    -0.291 -0.130 -0.39 [+0.28,+0.11,+0.35] [+0.01,+0.35,+0.00] [-0.17,-0.16] -0.25 0.181 _1:right:80
 18.04 cross    -0.289 -0.143 -0.40 [+0.28,+0.11,+0.35] [+0.01,+0.35,-0.00] [-0.02,-0.18] -0.32 0.235 _1:right:79
 18.12 cross    -0.295 -0.157 -0.40 [+0.28,+0.12,+0.35] [+0.01,+0.35,-0.00] [-0.12,+0.06] +0.47 0.306 
 18.20 cross    -0.334 -0.102 -0.32 [+0.28,+0.11,+0.35] [+0.01,+0.35,-0.00] [-1.27,+0.67] +0.38 0.521 
 18.28 cross    -0.450 -0.025 -0.05 [+0.29,+0.06,+0.25] [+0.01,+0.35,-0.01] [-1.23,+0.60] +2.29 0.884 
 18.36 cross    -0.490 +0.010 +0.23 [+0.30,-0.03,-0.14] [+0.01,+0.35,-0.01] [-0.06,-0.25] +3.61 1.277 
 18.44 cross    -0.420 +0.003 +0.20 [+0.29,-0.08,-0.34] [+0.02,+0.35,-0.03] [+1.54,-0.32] +1.35 1.569 
 18.52 cross    -0.400 -0.014 +0.17 [+0.30,-0.05,-0.20] [+0.02,+0.35,-0.03] [-0.17,-0.14] +0.68 1.607 
