v3-settle190(21405539) layout 1 cell 1.5 door dir [1. 0.] plate side -1 correct -1 plate [1.38 4.08] activation stage [(16.56, 'approach'), (19.64, 'settle'), (21.56, 'cross'), (21.56, 'cross_kick'), (24.8, 'recorded')]
t  phase  along lat(+=wall side)  yawerr  cmd(eff body)  rec_cmd  v_body  yawrate  tilt  plate-contacts(body:N)
 24.52 cross    +0.261 -0.029 +0.59 [+0.25,-0.16,+0.00] [-0.01,+0.35,+0.05] [-0.12,+0.04] +0.64 0.052 -1:left:11 -1:right:131
 24.64 cross    +0.299 -0.002 +0.61 [+0.25,-0.17,+0.00] [+0.00,+0.35,+0.04] [+0.66,-0.02] -0.37 0.031 -1:left:454 -1:right:12
 24.76 cross    +0.329 -0.036 +0.60 [+0.25,-0.17,+0.00] [+0.00,+0.35,+0.04] [+0.32,-0.87] -0.28 0.106 -1:left:0
 24.88 recorded +0.399 -0.015 +0.59 [+0.01,+0.35,+0.02] [+0.01,+0.35,+0.02] [-0.23,-0.10] +0.13 0.065 -1:left:65
 25.00 recorded +0.451 -0.065 +0.61 [+0.01,+0.35,+0.02] [+0.01,+0.35,+0.02] [+0.64,-0.14] +0.03 0.098 
 25.12 recorded +0.510 -0.073 +0.60 [+0.02,+0.35,+0.01] [+0.02,+0.35,+0.01] [+0.58,-0.67] -0.60 0.072 
 25.24 recorded +0.559 -0.051 +0.54 [+0.04,+0.35,-0.03] [+0.04,+0.35,-0.03] [-0.27,-0.18] -0.37 0.063 
 25.36 recorded +0.539 -0.076 +0.56 [+0.04,+0.35,-0.03] [+0.04,+0.35,-0.03] [+0.04,-0.03] +0.07 0.052 
 25.48 recorded +0.524 -0.071 +0.57 [+0.04,+0.35,-0.04] [+0.04,+0.35,-0.04] [-0.28,-0.08] -0.04 0.016 
 25.60 recorded +0.505 -0.084 +0.58 [+0.04,+0.35,-0.04] [+0.04,+0.35,-0.04] [-0.16,+0.45] -0.10 0.026 
 25.72 recorded +0.466 -0.124 +0.58 [+0.04,+0.35,-0.02] [+0.04,+0.35,-0.02] [-0.00,+0.12] -0.05 0.056 
 25.84 recorded +0.459 -0.138 +0.58 [+0.05,+0.35,-0.03] [+0.05,+0.35,-0.03] [+0.24,+0.55] +0.16 0.051 
 25.96 recorded +0.433 -0.191 +0.58 [+0.05,+0.35,-0.03] [+0.05,+0.35,-0.03] [-0.05,+0.15] -0.34 0.044 
 26.08 recorded +0.431 -0.191 +0.57 [+0.05,+0.35,-0.06] [+0.05,+0.35,-0.06] [+0.22,+0.69] +0.31 0.054 
 26.20 recorded +0.400 -0.260 +0.58 [+0.05,+0.35,-0.06] [+0.05,+0.35,-0.06] [+0.26,+0.73] -0.01 0.040 
 26.32 recorded +0.387 -0.265 +0.58 [+0.05,+0.35,-0.05] [+0.05,+0.35,-0.05] [-0.22,-0.17] +0.05 0.045 
 26.44 recorded +0.372 -0.309 +0.59 [+0.06,+0.35,-0.06] [+0.06,+0.35,-0.06] [+0.17,+0.70] +0.28 0.033 
 26.56 recorded +0.365 -0.315 +0.58 [+0.06,+0.35,-0.06] [+0.06,+0.35,-0.06] [-0.11,-0.21] +0.11 0.063 
 26.68 recorded +0.351 -0.362 +0.58 [+0.07,+0.35,-0.09] [+0.07,+0.35,-0.09] [+0.01,+0.83] +0.18 0.038 
 26.80 recorded +0.317 -0.415 +0.58 [+0.07,+0.35,-0.09] [+0.07,+0.35,-0.09] [+0.04,+0.36] +0.12 0.049 
 26.92 recorded +0.309 -0.434 +0.58 [+0.07,+0.35,-0.10] [+0.07,+0.35,-0.10] [+0.20,+0.55] +0.22 0.043 
 27.04 recorded +0.297 -0.488 +0.56 [+0.07,+0.35,-0.11] [+0.07,+0.35,-0.11] [+0.16,+0.06] -0.31 0.026 
 27.16 recorded +0.298 -0.496 +0.54 [+0.07,+0.35,-0.11] [+0.07,+0.35,-0.11] [+0.19,+0.28] -0.11 0.063 
 27.28 recorded +0.264 -0.569 +0.55 [+0.07,+0.35,-0.09] [+0.07,+0.35,-0.09] [+0.26,+0.78] -0.02 0.035 
 27.40 recorded +0.279 -0.537 +0.53 [+0.07,+0.35,-0.09] [+0.07,+0.35,-0.09] [-0.28,-0.05] +0.38 0.118 _1:left:105
 27.52 recorded +0.288 -0.544 +0.57 [+0.06,+0.35,-0.07] [+0.06,+0.35,-0.07] [+0.12,-0.30] +0.44 0.168 
 27.64 recorded +0.290 -0.546 +0.58 [+0.05,+0.35,-0.03] [+0.05,+0.35,-0.03] [-0.18,+0.05] -0.10 0.234 
 27.76 recorded +0.236 -0.577 +0.57 [+0.05,+0.35,-0.03] [+0.05,+0.35,-0.03] [-0.32,+0.59] -0.02 0.265 
 27.88 recorded +0.186 -0.588 +0.41 [+0.05,+0.35,-0.05] [+0.05,+0.35,-0.05] [-0.32,+0.21] -1.83 0.386 _1:left:9
 28.00 recorded +0.155 -0.626 +0.15 [+0.05,+0.35,-0.05] [+0.05,+0.35,-0.05] [+0.45,+0.74] -2.55 0.419  W:wall_m7_16
 28.12 recorded +0.361 -0.593 +0.04 [+0.04,+0.35,-0.04] [+0.04,+0.35,-0.04] [+3.34,-2.28] -2.59 0.643 _1:left:185 _1:left_knee_pitch:180
 28.24 recorded +0.476 -0.402 +0.85 [+0.04,+0.35,-0.03] [+0.04,+0.35,-0.03] [-0.24,+0.38] +1.29 1.610 
