gref_21397732 L 0 door 0 side -1 correct -1 dir [0. 1.] plate [0.42 4.68] cell 1.6 hist [(22.72, 0, -1, 'approach'), (24.04, 0, -1, 'settle'), (24.48, 0, None, 'cross'), (25.72, 0, -1, 'recorded')]
t phase along lat yawerr eff_cmd rec_cmd tilt plate(body:N)
 25.64 cross    -0.283 -0.140 -1.82 [-0.07,+0.29,+0.00] [-0.06,+0.35,+0.17] 0.154 
 25.80 recorded -0.205 -0.099 -1.85 [-0.06,+0.35,+0.17] [-0.06,+0.35,+0.17] 0.094 
 25.96 recorded -0.159 -0.083 -1.96 [-0.05,+0.35,+0.15] [-0.05,+0.35,+0.15] 0.124 0_-1:left:295
 26.12 recorded -0.145 -0.044 -2.07 [-0.01,+0.35,+0.07] [-0.01,+0.35,+0.07] 0.089 0_-1:left:241 0_-1:right:117
 26.28 recorded -0.106 +0.014 -1.98 [+0.01,+0.35,+0.03] [+0.01,+0.35,+0.03] 0.027 0_-1:right:216
 26.44 recorded -0.126 -0.006 -1.98 [+0.01,+0.35,+0.01] [+0.01,+0.35,+0.01] 0.080 0_-1:left:227
 26.60 recorded -0.025 -0.010 -2.00 [+0.01,+0.35,+0.01] [+0.01,+0.35,+0.01] 0.083 0_-1:left:37 0_-1:right:355
 26.76 recorded -0.075 +0.002 -2.04 [+0.03,+0.35,-0.02] [+0.03,+0.35,-0.02] 0.093 0_-1:left:342 0_-1:right:27
 26.92 recorded -0.027 +0.037 -1.99 [+0.03,+0.35,-0.01] [+0.03,+0.35,-0.01] 0.069 0_-1:left:94 0_-1:right:293
 27.08 recorded -0.056 +0.033 -1.98 [+0.03,+0.35,-0.03] [+0.03,+0.35,-0.03] 0.084 0_-1:left:383 0_-1:right:87
 27.24 recorded -0.029 +0.057 -1.94 [+0.03,+0.35,-0.03] [+0.03,+0.35,-0.03] 0.047 0_-1:left:83 0_-1:right:222
 27.40 recorded -0.058 +0.046 -1.91 [+0.03,+0.35,-0.03] [+0.03,+0.35,-0.03] 0.074 0_-1:left:383 0_-1:right:127
 27.56 recorded -0.042 +0.057 -1.86 [+0.03,+0.35,-0.02] [+0.03,+0.35,-0.02] 0.052 0_-1:left:161 0_-1:right:215
 27.72 recorded -0.058 +0.047 -1.85 [+0.03,+0.35,-0.01] [+0.03,+0.35,-0.01] 0.069 0_-1:left:288 0_-1:right:90
 27.88 recorded -0.060 +0.063 -1.81 [+0.03,+0.35,-0.02] [+0.03,+0.35,-0.02] 0.047 0_-1:left:309 0_-1:right:120
 28.04 recorded -0.041 +0.056 -1.82 [+0.03,+0.35,-0.02] [+0.03,+0.35,-0.02] 0.059 0_-1:left:143 0_-1:right:298
 28.20 recorded -0.067 +0.072 -1.79 [+0.03,+0.35,-0.02] [+0.03,+0.35,-0.02] 0.064 0_-1:left:229 0_-1:right:82
 28.36 recorded -0.028 +0.065 -1.78 [+0.04,+0.35,-0.01] [+0.04,+0.35,-0.01] 0.059 0_-1:left:119 0_-1:right:175
 28.52 recorded -0.044 +0.071 -1.75 [+0.03,+0.35,+0.00] [+0.03,+0.35,+0.00] 0.058 0_-1:left:319 0_-1:right:42
 28.68 recorded -0.010 +0.075 -1.76 [+0.04,+0.35,-0.02] [+0.04,+0.35,-0.02] 0.040 0_-1:left:21 0_-1:right:235
 28.84 recorded -0.051 +0.071 -1.76 [+0.04,+0.35,-0.02] [+0.04,+0.35,-0.02] 0.073 0_-1:left:391 0_-1:right:28
 29.00 recorded -0.026 +0.074 -1.71 [+0.04,+0.35,-0.02] [+0.04,+0.35,-0.02] 0.060 0_-1:left:93 0_-1:right:241
 29.16 recorded -0.052 +0.070 -1.68 [+0.04,+0.35,-0.01] [+0.04,+0.35,-0.01] 0.074 0_-1:left:352 0_-1:right:162
 29.32 recorded -0.054 +0.089 -1.62 [+0.04,+0.35,-0.01] [+0.04,+0.35,-0.01] 0.045 0_-1:left:289 0_-1:right:171
 29.48 recorded -0.038 +0.075 -1.62 [+0.06,+0.35,-0.04] [+0.06,+0.35,-0.04] 0.065 0_-1:left:241 0_-1:right:261
 29.64 recorded -0.066 +0.090 -1.59 [+0.06,+0.35,-0.05] [+0.06,+0.35,-0.05] 0.060 0_-1:left:300 0_-1:right:69
 29.80 recorded -0.023 +0.083 -1.59 [+0.06,+0.35,-0.05] [+0.06,+0.35,-0.05] 0.051 0_-1:left:82 0_-1:right:342
 29.96 recorded -0.062 +0.089 -1.56 [+0.06,+0.35,-0.05] [+0.06,+0.35,-0.05] 0.080 0_-1:left:380 0_-1:right:43
 30.12 recorded -0.015 +0.087 -1.53 [+0.07,+0.35,-0.05] [+0.07,+0.35,-0.05] 0.054 0_-1:left:27 0_-1:right:270
 30.28 recorded -0.042 +0.098 -1.53 [+0.06,+0.35,-0.04] [+0.06,+0.35,-0.04] 0.071 0_-1:left:123 0_-1:right:41
 30.44 recorded -0.007 +0.096 -1.50 [+0.05,+0.35,-0.02] [+0.05,+0.35,-0.02] 0.050 0_-1:left:25 0_-1:right:247
 30.60 recorded -0.048 +0.096 -1.48 [+0.05,+0.35,-0.02] [+0.05,+0.35,-0.02] 0.077 0_-1:left:370 0_-1:right:31
 30.76 recorded -0.020 +0.104 -1.43 [+0.04,+0.31,+0.01] [+0.04,+0.31,+0.01] 0.046 0_-1:left:168 0_-1:right:162
 30.92 recorded -0.027 +0.087 -1.46 [+0.03,+0.21,-0.01] [+0.03,+0.21,-0.01] 0.081 0_-1:left:139 0_-1:right:165
 31.08 recorded -0.037 +0.118 -1.42 [+0.40,+0.02,-0.01] [+0.40,+0.02,-0.01] 0.056 0_-1:left:290 0_-1:right:46
 31.24 recorded -0.002 +0.130 -1.39 [+0.40,+0.02,+0.00] [+0.40,+0.02,+0.00] 0.066 0_-1:left:94 0_-1:right:141
 31.40 recorded -0.016 +0.155 -1.42 [+0.40,+0.02,+0.00] [+0.40,+0.02,+0.00] 0.097 0_-1:left:255
 31.56 recorded +0.024 +0.230 -1.45 [+0.40,+0.02,-0.02] [+0.40,+0.02,-0.02] 0.037 0_-1:right:144
 31.72 recorded -0.013 +0.241 -1.61 [+0.40,+0.00,-0.04] [+0.40,+0.00,-0.04] 0.055 0_-1:left:247
 31.88 recorded -0.001 +0.264 -1.66 [+0.40,+0.01,-0.02] [+0.40,+0.01,-0.02] 0.021 0_-1:left:14 0_-1:right:193
 32.04 recorded -0.013 +0.261 -1.62 [+0.40,+0.02,+0.02] [+0.40,+0.02,+0.02] 0.037 0_-1:left:191
 32.20 recorded +0.011 +0.267 -1.59 [+0.40,+0.02,+0.02] [+0.40,+0.02,+0.02] 0.014 0_-1:left:24 0_-1:right:232
 32.36 recorded -0.012 +0.255 -1.57 [+0.40,+0.04,+0.06] [+0.40,+0.04,+0.06] 0.028 0_-1:left:183
 32.52 recorded +0.019 +0.246 -1.57 [+0.40,+0.03,+0.03] [+0.40,+0.03,+0.03] 0.028 0_-1:right:216
 32.68 recorded -0.011 +0.253 -1.59 [+0.40,+0.03,+0.03] [+0.40,+0.03,+0.03] 0.038 0_-1:left:239
 32.84 recorded +0.014 +0.267 -1.56 [+0.40,+0.04,+0.07] [+0.40,+0.04,+0.07] 0.011 0_-1:right:212
 33.00 recorded -0.021 +0.254 -1.58 [+0.40,+0.04,+0.07] [+0.40,+0.04,+0.07] 0.042 0_-1:left:452
 33.16 recorded +0.004 +0.256 -1.56 [+0.40,+0.04,+0.04] [+0.40,+0.04,+0.04] 0.016 0_-1:right:230
 33.32 recorded -0.027 +0.253 -1.59 [+0.40,+0.04,+0.07] [+0.40,+0.04,+0.07] 0.046 0_-1:left:256
 33.48 recorded +0.003 +0.263 -1.57 [+0.40,+0.05,+0.04] [+0.40,+0.05,+0.04] 0.010 0_-1:right:162
 33.64 recorded -0.026 +0.252 -1.59 [+0.40,+0.04,+0.04] [+0.40,+0.04,+0.04] 0.041 0_-1:left:262
 33.80 recorded -0.003 +0.252 -1.57 [+0.40,+0.04,+0.04] [+0.40,+0.04,+0.04] 0.017 0_-1:right:346
 33.96 recorded -0.032 +0.260 -1.58 [+0.40,+0.06,+0.08] [+0.40,+0.06,+0.08] 0.043 0_-1:left:214
 34.12 recorded -0.006 +0.267 -1.56 [+0.40,+0.04,+0.03] [+0.40,+0.04,+0.03] 0.009 0_-1:right:272
 34.28 recorded -0.041 +0.251 -1.57 [+0.36,+0.02,+0.06] [+0.36,+0.02,+0.06] 0.042 0_-1:left:261
 34.44 recorded -0.022 +0.245 -1.57 [+0.26,+0.04,+0.07] [+0.26,+0.04,+0.07] 0.029 0_-1:right:215
 34.60 recorded -0.034 +0.249 -1.57 [+0.26,+0.04,+0.07] [+0.26,+0.04,+0.07] 0.033 0_-1:left:280
 34.76 recorded -0.037 +0.222 -1.59 [+0.05,-0.35,+0.05] [+0.05,-0.35,+0.05] 0.057 0_-1:left:116 0_-1:right:86
 34.92 recorded -0.040 +0.199 -1.58 [+0.04,-0.35,+0.04] [+0.04,-0.35,+0.04] 0.083 0_-1:left:34 0_-1:right:179
