gref_21397732 L 7 door 0 side 1 correct 1 dir [0. 1.] plate [1.28 3.28] cell 1.7 hist [(14.24, 0, 1, 'approach'), (15.8, 0, 1, 'settle'), (16.24, 0, None, 'cross'), (17.48, 0, 1, 'recorded')]
t phase along lat yawerr eff_cmd rec_cmd tilt plate(body:N)
 16.20 settle   -0.359 -0.006 -1.51 [+0.00,+0.00,+0.00] [+0.22,+0.33,-0.01] 0.053 
 16.28 cross    -0.375 +0.000 -1.52 [+0.02,+0.30,+0.00] [+0.16,+0.35,+0.05] 0.068 
 16.36 cross    -0.357 +0.001 -1.51 [+0.02,+0.30,+0.00] [+0.16,+0.35,+0.05] 0.066 
 16.44 cross    -0.356 -0.002 -1.53 [+0.02,+0.30,+0.00] [+0.26,+0.28,+0.04] 0.059 
 16.52 cross    -0.355 -0.005 -1.52 [+0.01,+0.30,+0.00] [+0.26,+0.28,+0.04] 0.057 
 16.60 cross    -0.324 -0.016 -1.51 [+0.02,+0.30,+0.00] [+0.26,+0.28,+0.04] 0.032 0_1:left:44
 16.68 cross    -0.343 -0.007 -1.51 [+0.02,+0.30,+0.00] [+0.29,+0.27,+0.01] 0.069 0_1:left:37
 16.76 cross    -0.322 -0.014 -1.50 [+0.02,+0.30,+0.00] [+0.29,+0.27,+0.01] 0.050 
 16.84 cross    -0.289 -0.012 -1.50 [+0.02,+0.30,+0.00] [+0.28,+0.28,-0.03] 0.031 0_1:left:99
 16.92 cross    -0.334 -0.008 -1.53 [+0.02,+0.30,+0.00] [+0.28,+0.28,-0.03] 0.101 0_1:left:69
 17.00 cross    -0.317 -0.015 -1.53 [+0.01,+0.30,+0.00] [+0.28,+0.28,-0.03] 0.083 
 17.08 cross    -0.257 -0.004 -1.52 [+0.01,+0.30,+0.00] [+0.23,+0.25,+0.00] 0.044 0_1:left:69
 17.16 cross    -0.289 -0.004 -1.51 [+0.02,+0.30,+0.00] [+0.23,+0.25,+0.00] 0.084 0_1:left:161
 17.24 cross    -0.319 +0.012 -1.53 [+0.01,+0.30,+0.00] [+0.12,+0.21,+0.04] 0.159 
 17.32 cross    -0.305 -0.007 -1.52 [+0.01,+0.30,+0.00] [+0.12,+0.21,+0.04] 0.152 
 17.40 cross    -0.239 -0.012 -1.53 [+0.01,+0.30,+0.00] [+0.12,+0.21,+0.04] 0.087 
 17.48 cross    -0.219 +0.005 -1.57 [+0.00,+0.30,+0.00] [+0.09,+0.17,+0.01] 0.124 
 17.56 recorded -0.208 +0.009 -1.69 [+0.09,+0.17,+0.01] [+0.09,+0.17,+0.01] 0.160 0_1:left:354
 17.64 recorded -0.164 -0.021 -1.78 [+0.00,+0.35,+0.01] [+0.00,+0.35,+0.01] 0.103 0_1:left:200
 17.72 recorded -0.125 -0.025 -1.88 [+0.00,+0.35,+0.01] [+0.00,+0.35,+0.01] 0.070 0_1:left:264 0_1:right:195
 17.80 recorded -0.104 -0.090 -1.89 [+0.00,+0.35,+0.01] [+0.00,+0.35,+0.01] 0.040 0_1:left:65 0_1:right:155
 17.88 recorded -0.105 -0.132 -1.85 [+0.01,+0.35,+0.00] [+0.01,+0.35,+0.00] 0.080 0_1:right:88
 17.96 recorded -0.121 -0.148 -1.84 [+0.01,+0.35,+0.00] [+0.01,+0.35,+0.00] 0.090 0_1:left:193 0_1:right:174
 18.04 recorded -0.115 -0.131 -1.86 [+0.01,+0.35,-0.00] [+0.01,+0.35,-0.00] 0.063 0_1:left:225 0_1:right:31
 18.12 recorded -0.097 -0.106 -1.86 [+0.01,+0.35,-0.00] [+0.01,+0.35,-0.00] 0.034 0_1:left:54 0_1:right:220
 18.20 recorded -0.080 -0.088 -1.85 [+0.01,+0.35,-0.00] [+0.01,+0.35,-0.00] 0.018 0_1:left:6 0_1:right:155
 18.28 recorded -0.084 -0.077 -1.85 [+0.01,+0.35,-0.01] [+0.01,+0.35,-0.01] 0.030 0_1:left:133 0_1:right:188
 18.36 recorded -0.094 -0.075 -1.82 [+0.01,+0.35,-0.01] [+0.01,+0.35,-0.01] 0.073 0_1:left:413 0_1:right:33
 18.44 recorded -0.090 -0.089 -1.77 [+0.02,+0.35,-0.03] [+0.02,+0.35,-0.03] 0.079 0_1:left:218 0_1:right:63
 18.52 recorded -0.049 -0.090 -1.74 [+0.02,+0.35,-0.03] [+0.02,+0.35,-0.03] 0.052 0_1:left:133 0_1:right:113
 18.60 recorded -0.051 -0.087 -1.73 [+0.02,+0.35,-0.03] [+0.02,+0.35,-0.03] 0.082 0_1:left:108 0_1:right:331
 18.68 recorded -0.071 -0.087 -1.75 [+0.03,+0.35,-0.05] [+0.03,+0.35,-0.05] 0.124 0_1:left:190 0_1:right:8
 18.76 recorded -0.063 -0.100 -1.75 [+0.03,+0.35,-0.05] [+0.03,+0.35,-0.05] 0.107 0_1:left:220
 18.84 recorded -0.011 -0.115 -1.72 [+0.03,+0.35,-0.03] [+0.03,+0.35,-0.03] 0.042 0_1:left:134 0_1:right:144
 18.92 recorded -0.000 -0.119 -1.68 [+0.03,+0.35,-0.03] [+0.03,+0.35,-0.03] 0.041 0_1:right:147
 19.00 recorded +0.002 -0.122 -1.65 [+0.03,+0.35,-0.03] [+0.03,+0.35,-0.03] 0.046 0_1:left:277 0_1:right:181
 19.08 recorded -0.014 -0.124 -1.59 [+0.03,+0.35,-0.04] [+0.03,+0.35,-0.04] 0.055 0_1:left:248 0_1:right:27
 19.16 recorded -0.006 -0.121 -1.52 [+0.03,+0.35,-0.04] [+0.03,+0.35,-0.04] 0.060 0_1:left:165 0_1:right:162
 19.24 recorded +0.021 -0.115 -1.49 [+0.03,+0.35,-0.04] [+0.03,+0.35,-0.04] 0.065 0_1:left:0 0_1:right:235
 19.32 recorded +0.038 -0.121 -1.48 [+0.03,+0.35,-0.04] [+0.03,+0.35,-0.04] 0.057 0_1:left:87 0_1:right:209
 19.40 recorded +0.030 -0.117 -1.47 [+0.03,+0.35,-0.04] [+0.03,+0.35,-0.04] 0.047 0_1:left:271 0_1:right:184
 19.48 recorded +0.010 -0.121 -1.43 [+0.03,+0.35,-0.02] [+0.03,+0.35,-0.02] 0.054 0_1:left:209 0_1:right:15
 19.56 recorded +0.042 -0.130 -1.39 [+0.03,+0.35,-0.02] [+0.03,+0.35,-0.02] 0.023 0_1:left:187 0_1:right:153
 19.64 recorded +0.074 -0.109 -1.38 [+0.03,+0.35,-0.03] [+0.03,+0.35,-0.03] 0.062 0_1:right:151
 19.72 recorded +0.079 -0.104 -1.38 [+0.03,+0.35,-0.03] [+0.03,+0.35,-0.03] 0.061 0_1:left:195 0_1:right:166
 19.80 recorded +0.071 -0.103 -1.36 [+0.03,+0.35,-0.03] [+0.03,+0.35,-0.03] 0.067 0_1:left:221 0_1:right:25
 19.88 recorded +0.081 -0.106 -1.33 [+0.03,+0.35,-0.02] [+0.03,+0.35,-0.02] 0.062 0_1:left:206 0_1:right:70
 19.96 recorded +0.129 -0.094 -1.28 [+0.03,+0.35,-0.02] [+0.03,+0.35,-0.02] 0.053 0_1:left:42 0_1:right:137
 20.04 recorded +0.136 -0.092 -1.27 [+0.03,+0.35,-0.02] [+0.03,+0.35,-0.02] 0.048 0_1:left:73 0_1:right:371
 20.12 recorded +0.142 -0.090 -1.24 [+0.03,+0.35,-0.02] [+0.03,+0.35,-0.02] 0.045 0_1:left:232 0_1:right:103
 20.20 recorded +0.128 -0.088 -1.20 [+0.03,+0.35,-0.02] [+0.03,+0.35,-0.02] 0.065 0_1:left:106
 20.28 recorded +0.181 -0.077 -1.14 [+0.03,+0.35,-0.01] [+0.03,+0.35,-0.01] 0.054 0_1:left:80 0_1:right:190
 20.36 recorded +0.207 -0.059 -1.09 [+0.03,+0.35,-0.01] [+0.03,+0.35,-0.01] 0.085 0_1:right:217
 20.44 recorded +0.209 -0.053 -1.06 [+0.03,+0.35,-0.01] [+0.03,+0.35,-0.01] 0.069 0_1:left:48 0_1:right:281
 20.52 recorded +0.220 -0.057 -1.01 [+0.03,+0.35,-0.01] [+0.03,+0.35,-0.01] 0.039 0_1:left:118 0_1:right:121
 20.60 recorded +0.221 -0.060 -0.96 [+0.03,+0.35,-0.01] [+0.03,+0.35,-0.01] 0.040 0_1:left:136
 20.68 recorded +0.251 -0.037 -0.90 [+0.03,+0.35,-0.01] [+0.03,+0.35,-0.01] 0.062 0_1:left:76 0_1:right:228
 20.76 recorded +0.242 -0.067 -0.87 [+0.03,+0.35,-0.01] [+0.03,+0.35,-0.01] 0.088 0_1:left:39 0_1:right:194
 20.84 recorded +0.253 -0.057 -0.83 [+0.04,+0.35,-0.02] [+0.04,+0.35,-0.02] 0.127 
 20.92 recorded +0.324 -0.037 -0.80 [+0.04,+0.35,-0.02] [+0.04,+0.35,-0.02] 0.070 0_1:right:160
 21.00 recorded +0.340 -0.027 -0.79 [+0.04,+0.35,-0.02] [+0.04,+0.35,-0.02] 0.096 0_1:right:34
