v2align_21405537 L 7 door 0 side 1 correct 1 dir [0. 1.] plate [1.28 3.28] cell 1.7 hist [(14.24, 0, 1, 'approach'), (15.48, 0, 1, 'settle'), (15.88, 0, None, 'cross'), (15.88, 0, None, 'cross_kick'), (19.92, 0, 1, 'recorded')]
t phase along lat yawerr eff_cmd rec_cmd tilt plate(body:N)
 15.80 settle   -0.538 -0.030 -1.02 [+0.00,+0.00,+0.00] [-0.29,+0.28,-0.03] 0.061 
 15.88 settle   -0.536 -0.038 -1.02 [+0.00,+0.00,+0.00] [-0.28,+0.29,-0.01] 0.052 
 15.96 cross    -0.498 -0.119 -1.01 [+0.16,+0.25,+0.35] [-0.28,+0.29,-0.01] 0.099 
 16.04 cross    -0.505 -0.102 -1.01 [+0.16,+0.25,+0.35] [+0.22,+0.33,-0.01] 0.061 
 16.12 cross    -0.496 -0.084 -0.97 [+0.16,+0.25,+0.35] [+0.22,+0.33,-0.01] 0.026 
 16.20 cross    -0.511 -0.084 -0.95 [+0.17,+0.25,+0.35] [+0.22,+0.33,-0.01] 0.031 
 16.28 cross    -0.500 -0.080 -0.93 [+0.18,+0.24,+0.35] [+0.16,+0.35,+0.05] 0.033 
 16.36 cross    -0.463 -0.073 -0.88 [+0.18,+0.24,+0.35] [+0.16,+0.35,+0.05] 0.017 
 16.44 cross    -0.455 -0.077 -0.85 [+0.19,+0.23,+0.35] [+0.26,+0.28,+0.04] 0.017 
 16.52 cross    -0.443 -0.081 -0.83 [+0.20,+0.22,+0.35] [+0.26,+0.28,+0.04] 0.028 
 16.60 cross    -0.416 -0.074 -0.79 [+0.21,+0.22,+0.35] [+0.26,+0.28,+0.04] 0.027 
 16.68 cross    -0.379 -0.067 -0.74 [+0.22,+0.21,+0.35] [+0.29,+0.27,+0.01] 0.032 
 16.76 cross    -0.385 -0.063 -0.70 [+0.23,+0.20,+0.35] [+0.29,+0.27,+0.01] 0.057 0_1:left:102
 16.84 cross    -0.383 -0.069 -0.68 [+0.23,+0.19,+0.35] [+0.28,+0.28,-0.03] 0.069 0_1:left:68
 16.92 cross    -0.359 -0.076 -0.64 [+0.24,+0.18,+0.35] [+0.28,+0.28,-0.03] 0.046 0_1:left:142
 17.00 cross    -0.312 -0.043 -0.60 [+0.24,+0.17,+0.35] [+0.28,+0.28,-0.03] 0.061 0_1:left:3
 17.08 cross    -0.293 -0.059 -0.57 [+0.25,+0.17,+0.35] [+0.23,+0.25,+0.00] 0.042 0_1:left:174
 17.16 cross    -0.314 -0.058 -0.52 [+0.26,+0.15,+0.35] [+0.23,+0.25,+0.00] 0.041 0_1:left:128
 17.24 cross    -0.304 -0.042 -0.48 [+0.26,+0.14,+0.35] [+0.12,+0.21,+0.04] 0.083 0_1:left:123 0_1:right:71
 17.32 cross    -0.297 -0.043 -0.46 [+0.27,+0.14,+0.35] [+0.12,+0.21,+0.04] 0.100 0_1:right:66
 17.40 cross    -0.287 -0.061 -0.43 [+0.27,+0.13,+0.35] [+0.12,+0.21,+0.04] 0.089 0_1:right:50
 17.48 cross    -0.297 -0.083 -0.40 [+0.28,+0.12,+0.35] [+0.09,+0.17,+0.01] 0.063 0_1:left:263 0_1:right:37
 17.56 cross    -0.290 -0.081 -0.38 [+0.28,+0.11,+0.35] [+0.09,+0.17,+0.01] 0.088 0_1:left:0 0_1:right:87
 17.64 cross    -0.290 -0.091 -0.37 [+0.28,+0.11,+0.35] [+0.00,+0.35,+0.01] 0.095 0_1:right:54
 17.72 cross    -0.290 -0.102 -0.37 [+0.28,+0.11,+0.35] [+0.00,+0.35,+0.01] 0.103 0_1:right:47
 17.80 cross    -0.292 -0.113 -0.37 [+0.28,+0.11,+0.35] [+0.00,+0.35,+0.01] 0.115 0_1:right:79
 17.88 cross    -0.291 -0.119 -0.37 [+0.28,+0.11,+0.35] [+0.01,+0.35,+0.00] 0.145 0_1:right:81
 17.96 cross    -0.291 -0.130 -0.39 [+0.28,+0.11,+0.35] [+0.01,+0.35,+0.00] 0.181 0_1:right:80
 18.04 cross    -0.289 -0.143 -0.40 [+0.28,+0.11,+0.35] [+0.01,+0.35,-0.00] 0.235 0_1:right:79
 18.12 cross    -0.295 -0.157 -0.40 [+0.28,+0.12,+0.35] [+0.01,+0.35,-0.00] 0.306 
 18.20 cross    -0.334 -0.102 -0.32 [+0.28,+0.11,+0.35] [+0.01,+0.35,-0.00] 0.521 
 18.28 cross    -0.450 -0.025 -0.05 [+0.29,+0.06,+0.25] [+0.01,+0.35,-0.01] 0.884 
