v4s080_21405541 L 0 door 0 side -1 correct -1 dir [0. 1.] plate [0.42 4.68] cell 1.6 hist [(22.72, 0, -1, 'approach'), (23.84, 0, -1, 'settle'), (24.68, 0, None, 'cross'), (24.68, 0, None, 'cross_kick'), (28.72, 0, -1, 'recorded')]
t phase along lat yawerr eff_cmd rec_cmd tilt plate(body:N)
 24.68 settle   -0.458 -0.115 -1.49 [+0.00,+0.00,+0.00] [-0.32,+0.24,+0.07] 0.063 
 24.76 cross    -0.483 -0.056 -1.52 [+0.02,+0.30,+0.00] [-0.32,+0.24,+0.07] 0.045 
 24.84 cross    -0.475 -0.097 -1.53 [+0.01,+0.30,+0.00] [-0.33,+0.21,+0.17] 0.027 
 24.92 cross    -0.451 -0.100 -1.52 [+0.01,+0.30,+0.00] [-0.33,+0.21,+0.17] 0.033 
 25.00 cross    -0.453 -0.109 -1.52 [+0.01,+0.30,+0.00] [-0.33,+0.21,+0.17] 0.058 
 25.08 cross    -0.426 -0.113 -1.51 [+0.02,+0.30,+0.00] [-0.28,+0.15,+0.30] 0.059 
 25.16 cross    -0.386 -0.115 -1.50 [+0.02,+0.30,+0.00] [-0.28,+0.15,+0.30] 0.065 
 25.24 cross    -0.388 -0.113 -1.50 [+0.02,+0.30,+0.00] [-0.16,+0.17,+0.30] 0.054 
 25.32 cross    -0.369 -0.106 -1.48 [+0.02,+0.30,+0.00] [-0.16,+0.17,+0.30] 0.045 
 25.40 cross    -0.354 -0.103 -1.46 [+0.03,+0.30,+0.00] [-0.16,+0.17,+0.30] 0.044 
 25.48 cross    -0.347 -0.106 -1.46 [+0.03,+0.30,+0.00] [-0.09,+0.35,+0.25] 0.062 
 25.56 cross    -0.307 -0.108 -1.46 [+0.03,+0.30,+0.00] [-0.09,+0.35,+0.25] 0.048 0_-1:left:124
 25.64 cross    -0.309 -0.101 -1.48 [+0.03,+0.30,+0.00] [-0.06,+0.35,+0.17] 0.045 0_-1:left:34
 25.72 cross    -0.330 -0.101 -1.52 [+0.02,+0.30,+0.00] [-0.06,+0.35,+0.17] 0.096 
 25.80 cross    -0.300 -0.100 -1.55 [+0.01,+0.30,+0.00] [-0.06,+0.35,+0.17] 0.071 0_-1:left:111
 25.88 cross    -0.251 -0.107 -1.58 [+0.00,+0.30,+0.00] [-0.05,+0.35,+0.15] 0.049 0_-1:left:63
 25.96 cross    -0.296 -0.122 -1.63 [-0.01,+0.30,+0.00] [-0.05,+0.35,+0.15] 0.135 0_-1:left:190
 26.04 cross    -0.298 -0.117 -1.71 [-0.03,+0.30,+0.00] [-0.01,+0.35,+0.07] 0.162 
 26.12 cross    -0.289 -0.100 -1.74 [-0.04,+0.30,+0.00] [-0.01,+0.35,+0.07] 0.170 0_-1:left:122
 26.20 cross    -0.296 -0.115 -1.77 [-0.06,+0.29,+0.00] [-0.01,+0.35,+0.07] 0.233 
 26.28 cross    -0.300 -0.142 -1.77 [-0.06,+0.29,+0.00] [+0.01,+0.35,+0.03] 0.321 0_-1:left:344
 26.36 cross    -0.289 -0.176 -1.82 [-0.06,+0.29,+0.00] [+0.01,+0.35,+0.03] 0.431 0_-1:left:282
 26.44 cross    -0.203 -0.242 -1.82 [-0.08,+0.29,+0.00] [+0.01,+0.35,+0.01] 0.467 0_-1:left:94
 26.52 cross    -0.204 -0.258 -1.80 [-0.07,+0.29,+0.00] [+0.01,+0.35,+0.01] 0.564 0_-1:left:168
 26.60 cross    -0.289 -0.197 -1.81 [-0.08,+0.29,+0.00] [+0.01,+0.35,+0.01] 0.803 0_-1:left:275
