
### Policy/mean_noise_std  (window +-50 it)
run                                  50      150      300      500      750     1000     1500     2000     3000     4000     5000     5950
arms-dr1.0-s0                     0.873    0.888    1.076    1.220    1.315    1.379    1.464    1.530    1.577    1.566    1.543    1.514
arms-turn-turnhip-s0              0.894    0.964    1.190    1.373    1.516    1.611    1.720    1.791    1.807    1.785    1.764    1.732
arms-turn-turnhip-s1              0.895    0.957    1.213    1.405    1.542    1.630    1.725    1.752    1.788    1.769    1.745    1.733
arms-turn-turnhip-s2              0.893    0.947    1.186    1.377    1.521    1.615    1.725    1.772    1.790    1.757    1.743    1.718
arms-turn-turntrack-s0            0.881    0.886    1.085    1.229    1.331    1.388    1.473    1.540    1.574    1.559    1.525    1.499
arms-turn-turntrack-s1            0.885    0.900    1.100    1.252    1.350    1.406    1.479    1.525    1.586    1.559    1.522    1.484
arms-turn-turntrack-s2            0.886    0.902    1.093    1.232    1.319    1.390    1.477    1.533    1.582    1.551    1.537    1.506
arms-turn-turnboth-s0             0.893    0.940    1.170    1.361    1.505    1.583    1.700    1.750    1.764    1.750    1.735    1.685
arms-turn-turnboth-s1             0.905    0.986    1.227    1.411    1.548    1.624    1.726    1.776    1.792    1.766    1.726    1.708
arms-turn-turnboth-s2             0.902    0.973    1.204    1.391    1.528    1.607    1.716    1.760    1.768    1.754    1.741    1.691
arms-turn-turncmd-s0              0.915    1.040    1.275    1.492    1.659    1.766    1.880    1.949    1.931    1.873    1.823    1.763
arms-turn-turncmd-s1              0.918    1.049    1.313    1.524    1.679    1.761    1.874    1.930    1.926    1.880    1.819    1.763
arms-turn-turncmd-s2              0.912    1.041    1.301    1.514    1.683    1.785    1.900    1.936    1.928    1.871    1.822    1.768

### Train/mean_episode_length  (window +-50 it)
run                                  50      150      300      500      750     1000     1500     2000     3000     4000     5000     5950
arms-dr1.0-s0                    20.177   56.971   64.934   63.728   64.945   62.901   69.284  103.509  227.300  308.377  359.314  391.184
arms-turn-turnhip-s0             24.469   78.407   85.099   86.893   87.195   90.778  137.346  200.979  285.692  345.294  378.833  400.868
arms-turn-turnhip-s1             23.275   71.364   89.683   86.237   85.527   93.645  145.349  213.776  302.692  346.687  386.670  396.143
arms-turn-turnhip-s2             23.378   74.925   81.893   87.335   89.281   97.310  156.409  219.921  299.897  353.511  381.718  403.355
arms-turn-turntrack-s0           19.472   53.947   65.856   66.705   63.386   67.316   77.938  111.124  254.986  337.268  389.802  418.751
arms-turn-turntrack-s1           20.021   50.737   60.011   61.426   63.094   64.845   80.007  126.798  247.027  343.665  397.187  425.419
arms-turn-turntrack-s2           19.976   51.716   66.739   64.870   63.994   70.516   79.284  111.541  240.392  342.675  393.094  413.164
arms-turn-turnboth-s0            23.569   77.304   84.617   82.170   83.997   92.811  151.700  218.860  320.930  367.026  395.880  419.763
arms-turn-turnboth-s1            25.379   70.585   81.906   86.660   84.959   99.694  161.139  222.001  301.846  364.273  396.217  414.688
arms-turn-turnboth-s2            24.340   70.828   82.019   80.033   87.920   99.082  166.045  234.866  323.642  368.601  392.338  420.800
arms-turn-turncmd-s0             49.386  143.238  142.790  141.600  148.533  164.988  197.969  220.273  278.223  326.553  366.400  401.924
arms-turn-turncmd-s1             46.244  148.041  150.193  133.415  148.698  156.532  188.988  219.659  278.512  331.446  368.606  405.858
arms-turn-turncmd-s2             47.666  141.708  147.126  161.177  165.316  175.177  195.588  223.935  282.797  338.374  380.832  402.902

### Episode_Termination/base_orientation  (window +-50 it)
run                                  50      150      300      500      750     1000     1500     2000     3000     4000     5000     5950
arms-dr1.0-s0                     0.993    0.981    0.966    0.970    0.968    0.968    0.967    0.938    0.749    0.563    0.427    0.347
arms-turn-turnhip-s0              0.993    0.954    0.946    0.952    0.954    0.954    0.913    0.818    0.636    0.487    0.393    0.335
arms-turn-turnhip-s1              0.993    0.961    0.943    0.954    0.958    0.955    0.899    0.792    0.602    0.486    0.380    0.340
arms-turn-turnhip-s2              0.993    0.962    0.953    0.950    0.955    0.949    0.886    0.783    0.605    0.463    0.384    0.327
arms-turn-turntrack-s0            0.993    0.981    0.963    0.962    0.965    0.962    0.952    0.927    0.681    0.490    0.344    0.263
arms-turn-turntrack-s1            0.993    0.986    0.974    0.972    0.970    0.970    0.953    0.914    0.710    0.482    0.324    0.247
arms-turn-turntrack-s2            0.993    0.983    0.964    0.965    0.966    0.963    0.955    0.926    0.712    0.479    0.340    0.274
arms-turn-turnboth-s0             0.993    0.957    0.941    0.955    0.955    0.946    0.883    0.777    0.559    0.425    0.341    0.276
arms-turn-turnboth-s1             0.992    0.962    0.949    0.953    0.956    0.945    0.879    0.781    0.596    0.438    0.342    0.279
arms-turn-turnboth-s2             0.993    0.963    0.955    0.957    0.953    0.943    0.867    0.749    0.550    0.420    0.342    0.269
arms-turn-turncmd-s0              0.968    0.817    0.836    0.844    0.829    0.812    0.773    0.718    0.621    0.515    0.424    0.329
arms-turn-turncmd-s1              0.973    0.819    0.825    0.859    0.849    0.832    0.780    0.719    0.625    0.504    0.420    0.312
arms-turn-turncmd-s2              0.973    0.811    0.827    0.810    0.820    0.809    0.787    0.730    0.613    0.488    0.385    0.323

### Episode_Reward/feet_air_time  (window +-50 it)
run                                  50      150      300      500      750     1000     1500     2000     3000     4000     5000     5950
arms-dr1.0-s0                     0.000    0.000    0.001    0.001    0.001    0.001    0.002    0.005    0.027    0.043    0.057    0.064
arms-turn-turnhip-s0              0.000    0.001    0.001    0.002    0.002    0.003    0.010    0.021    0.039    0.053    0.064    0.072
arms-turn-turnhip-s1              0.000    0.001    0.001    0.002    0.002    0.003    0.012    0.024    0.043    0.055    0.066    0.071
arms-turn-turnhip-s2              0.000    0.001    0.001    0.002    0.002    0.003    0.013    0.025    0.043    0.057    0.065    0.072
arms-turn-turntrack-s0            0.000    0.000    0.001    0.001    0.001    0.001    0.002    0.006    0.033    0.049    0.064    0.071
arms-turn-turntrack-s1            0.000    0.000    0.001    0.001    0.001    0.001    0.002    0.007    0.031    0.050    0.065    0.071
arms-turn-turntrack-s2            0.000    0.000    0.001    0.001    0.001    0.001    0.002    0.006    0.029    0.049    0.064    0.069
arms-turn-turnboth-s0             0.000    0.001    0.001    0.001    0.002    0.003    0.012    0.025    0.046    0.060    0.070    0.078
arms-turn-turnboth-s1             0.000    0.001    0.001    0.002    0.002    0.004    0.013    0.026    0.044    0.059    0.068    0.079
arms-turn-turnboth-s2             0.000    0.001    0.001    0.002    0.002    0.004    0.015    0.028    0.050    0.060    0.069    0.079
arms-turn-turncmd-s0              0.000    0.001    0.001    0.002    0.002    0.003    0.005    0.007    0.016    0.025    0.033    0.042
arms-turn-turncmd-s1              0.000    0.001    0.002    0.002    0.002    0.003    0.004    0.007    0.017    0.026    0.034    0.042
arms-turn-turncmd-s2              0.000    0.001    0.001    0.002    0.003    0.003    0.005    0.009    0.019    0.028    0.036    0.042

### Episode_Reward/track_ang_vel_z_exp  (window +-50 it)
run                                  50      150      300      500      750     1000     1500     2000     3000     4000     5000     5950
arms-dr1.0-s0                     0.012    0.036    0.044    0.045    0.047    0.049    0.055    0.083    0.196    0.288    0.356    0.403
arms-turn-turnhip-s0              0.016    0.053    0.060    0.059    0.060    0.063    0.096    0.144    0.221    0.277    0.314    0.345
arms-turn-turnhip-s1              0.016    0.049    0.060    0.057    0.057    0.063    0.103    0.154    0.232    0.278    0.324    0.340
arms-turn-turnhip-s2              0.016    0.051    0.057    0.060    0.062    0.068    0.111    0.160    0.235    0.291    0.322    0.349
arms-turn-turntrack-s0            0.013    0.040    0.053    0.056    0.058    0.064    0.080    0.116    0.283    0.418    0.533    0.602
arms-turn-turntrack-s1            0.013    0.036    0.046    0.049    0.054    0.059    0.081    0.125    0.267    0.421    0.538    0.613
arms-turn-turntrack-s2            0.013    0.038    0.051    0.055    0.058    0.065    0.080    0.114    0.268    0.427    0.528    0.596
arms-turn-turnboth-s0             0.018    0.062    0.071    0.065    0.067    0.077    0.124    0.182    0.287    0.354    0.404    0.455
arms-turn-turnboth-s1             0.018    0.053    0.064    0.064    0.064    0.076    0.123    0.179    0.266    0.343    0.406    0.449
arms-turn-turnboth-s2             0.018    0.054    0.063    0.063    0.069    0.080    0.132    0.194    0.288    0.359    0.406    0.462
arms-turn-turncmd-s0              0.035    0.095    0.092    0.091    0.096    0.106    0.131    0.158    0.215    0.271    0.324    0.383
arms-turn-turncmd-s1              0.032    0.098    0.096    0.084    0.091    0.100    0.126    0.156    0.214    0.276    0.327    0.387
arms-turn-turncmd-s2              0.034    0.099    0.096    0.104    0.104    0.109    0.128    0.157    0.221    0.283    0.339    0.385

### Episode_Reward/track_lin_vel_xy_exp  (window +-50 it)
run                                  50      150      300      500      750     1000     1500     2000     3000     4000     5000     5950
arms-dr1.0-s0                     0.032    0.121    0.148    0.148    0.156    0.163    0.185    0.288    0.697    0.966    1.143    1.247
arms-turn-turnhip-s0              0.040    0.158    0.182    0.201    0.216    0.234    0.390    0.599    0.880    1.074    1.187    1.268
arms-turn-turnhip-s1              0.037    0.149    0.201    0.206    0.216    0.240    0.427    0.637    0.923    1.076    1.214    1.260
arms-turn-turnhip-s2              0.038    0.153    0.178    0.208    0.222    0.254    0.452    0.659    0.926    1.108    1.192    1.271
arms-turn-turntrack-s0            0.030    0.119    0.149    0.154    0.156    0.168    0.202    0.307    0.780    1.040    1.223    1.327
arms-turn-turntrack-s1            0.031    0.109    0.136    0.141    0.150    0.161    0.212    0.343    0.752    1.058    1.249    1.354
arms-turn-turntrack-s2            0.031    0.114    0.148    0.152    0.157    0.168    0.204    0.306    0.736    1.054    1.227    1.315
arms-turn-turnboth-s0             0.038    0.156    0.182    0.180    0.201    0.244    0.434    0.650    0.968    1.136    1.248    1.324
arms-turn-turnboth-s1             0.042    0.151    0.190    0.202    0.215    0.263    0.460    0.658    0.927    1.124    1.249    1.313
arms-turn-turnboth-s2             0.040    0.149    0.172    0.187    0.217    0.261    0.486    0.706    0.977    1.146    1.246    1.332
arms-turn-turncmd-s0              0.121    0.370    0.383    0.413    0.448    0.493    0.600    0.698    0.891    1.068    1.198    1.318
arms-turn-turncmd-s1              0.109    0.381    0.398    0.386    0.430    0.468    0.574    0.694    0.897    1.087    1.207    1.338
arms-turn-turncmd-s2              0.112    0.376    0.392    0.471    0.488    0.519    0.595    0.707    0.923    1.108    1.245    1.327

### Metrics/base_velocity/error_vel_yaw  (window +-50 it)
run                                  50      150      300      500      750     1000     1500     2000     3000     4000     5000     5950
arms-dr1.0-s0                     0.068    0.175    0.208    0.189    0.185    0.184    0.190    0.269    0.547    0.677    0.741    0.753
arms-turn-turnhip-s0              0.075    0.241    0.255    0.263    0.271    0.283    0.418    0.604    0.798    0.920    0.969    0.973
arms-turn-turnhip-s1              0.071    0.221    0.288    0.280    0.276    0.288    0.454    0.631    0.833    0.913    0.975    0.979
arms-turn-turnhip-s2              0.072    0.227    0.248    0.277    0.277    0.299    0.473    0.646    0.824    0.917    0.953    0.972
arms-turn-turntrack-s0            0.064    0.161    0.191    0.180    0.166    0.167    0.179    0.246    0.524    0.609    0.642    0.645
arms-turn-turntrack-s1            0.065    0.149    0.178    0.169    0.163    0.164    0.190    0.277    0.516    0.623    0.653    0.651
arms-turn-turntrack-s2            0.065    0.154    0.191    0.178    0.167    0.168    0.181    0.244    0.501    0.612    0.649    0.636
arms-turn-turnboth-s0             0.068    0.213    0.233    0.221    0.231    0.264    0.424    0.603    0.808    0.875    0.899    0.877
arms-turn-turnboth-s1             0.076    0.214    0.252    0.255    0.258    0.298    0.467    0.620    0.789    0.873    0.877    0.872
arms-turn-turnboth-s2             0.071    0.210    0.230    0.231    0.253    0.285    0.478    0.653    0.806    0.864    0.878    0.865
arms-turn-turncmd-s0              0.151    0.464    0.480    0.503    0.536    0.570    0.656    0.728    0.820    0.901    0.938    0.952
arms-turn-turncmd-s1              0.139    0.477    0.509    0.476    0.517    0.547    0.627    0.722    0.821    0.906    0.938    0.965
arms-turn-turncmd-s2              0.138    0.460    0.488    0.566    0.578    0.604    0.654    0.723    0.832    0.920    0.961    0.947

### Metrics/base_velocity/error_vel_xy  (window +-50 it)
run                                  50      150      300      500      750     1000     1500     2000     3000     4000     5000     5950
arms-dr1.0-s0                     0.049    0.094    0.109    0.100    0.096    0.095    0.096    0.126    0.229    0.294    0.335    0.354
arms-turn-turnhip-s0              0.056    0.141    0.144    0.133    0.129    0.128    0.163    0.217    0.292    0.339    0.361    0.370
arms-turn-turnhip-s1              0.054    0.128    0.149    0.132    0.124    0.126    0.170    0.227    0.303    0.336    0.366    0.370
arms-turn-turnhip-s2              0.055    0.130    0.136    0.137    0.130    0.133    0.180    0.233    0.302    0.341    0.364    0.374
arms-turn-turntrack-s0            0.048    0.092    0.111    0.106    0.100    0.102    0.113    0.141    0.262    0.332    0.374    0.387
arms-turn-turntrack-s1            0.049    0.085    0.101    0.097    0.095    0.097    0.114    0.152    0.253    0.337    0.376    0.389
arms-turn-turntrack-s2            0.049    0.088    0.109    0.106    0.100    0.104    0.112    0.138    0.254    0.338    0.376    0.383
arms-turn-turnboth-s0             0.054    0.138    0.148    0.129    0.126    0.132    0.178    0.238    0.326    0.364    0.381    0.387
arms-turn-turnboth-s1             0.057    0.125    0.139    0.132    0.124    0.136    0.184    0.238    0.310    0.355    0.373    0.387
arms-turn-turnboth-s2             0.055    0.126    0.137    0.127    0.129    0.138    0.190    0.253    0.325    0.361    0.374    0.389
arms-turn-turncmd-s0              0.077    0.194    0.179    0.163    0.163    0.170    0.193    0.217    0.248    0.280    0.308    0.332
arms-turn-turncmd-s1              0.071    0.197    0.194    0.154    0.157    0.164    0.186    0.213    0.245    0.279    0.308    0.334
arms-turn-turncmd-s2              0.073    0.195    0.186    0.182    0.173    0.174    0.189    0.209    0.246    0.286    0.316    0.329

### Episode_Reward/action_rate_l2  (window +-50 it)
run                                  50      150      300      500      750     1000     1500     2000     3000     4000     5000     5950
arms-dr1.0-s0                    -0.002   -0.006   -0.012   -0.015   -0.019   -0.021   -0.026   -0.043   -0.109   -0.146   -0.166   -0.173
arms-turn-turnhip-s0             -0.002   -0.010   -0.018   -0.024   -0.031   -0.036   -0.067   -0.111   -0.164   -0.190   -0.204   -0.208
arms-turn-turnhip-s1             -0.002   -0.009   -0.020   -0.026   -0.031   -0.038   -0.074   -0.116   -0.168   -0.185   -0.204   -0.205
arms-turn-turnhip-s2             -0.002   -0.009   -0.017   -0.026   -0.032   -0.040   -0.080   -0.120   -0.167   -0.189   -0.201   -0.205
arms-turn-turntrack-s0           -0.002   -0.006   -0.013   -0.017   -0.020   -0.023   -0.031   -0.049   -0.127   -0.163   -0.184   -0.189
arms-turn-turntrack-s1           -0.002   -0.006   -0.012   -0.016   -0.019   -0.023   -0.032   -0.054   -0.122   -0.167   -0.187   -0.190
arms-turn-turntrack-s2           -0.002   -0.006   -0.013   -0.017   -0.019   -0.023   -0.032   -0.049   -0.120   -0.167   -0.187   -0.190
arms-turn-turnboth-s0            -0.002   -0.009   -0.018   -0.023   -0.030   -0.038   -0.077   -0.121   -0.178   -0.201   -0.212   -0.211
arms-turn-turnboth-s1            -0.002   -0.009   -0.019   -0.026   -0.032   -0.042   -0.081   -0.123   -0.172   -0.199   -0.209   -0.216
arms-turn-turnboth-s2            -0.002   -0.009   -0.018   -0.024   -0.032   -0.041   -0.085   -0.129   -0.178   -0.200   -0.210   -0.213
arms-turn-turncmd-s0             -0.005   -0.020   -0.034   -0.049   -0.063   -0.077   -0.101   -0.124   -0.158   -0.184   -0.197   -0.206
arms-turn-turncmd-s1             -0.004   -0.022   -0.038   -0.048   -0.063   -0.073   -0.097   -0.124   -0.160   -0.188   -0.200   -0.209
arms-turn-turncmd-s2             -0.004   -0.021   -0.036   -0.056   -0.070   -0.081   -0.102   -0.125   -0.166   -0.190   -0.204   -0.208

### Episode_Reward/joint_deviation_hip  (window +-50 it)
run                                  50      150      300      500      750     1000     1500     2000     3000     4000     5000     5950
arms-dr1.0-s0                    -0.009   -0.022   -0.027   -0.028   -0.028   -0.029   -0.031   -0.048   -0.114   -0.150   -0.172   -0.181
arms-turn-turnhip-s0             -0.003   -0.012   -0.015   -0.016   -0.018   -0.019   -0.030   -0.043   -0.056   -0.063   -0.065   -0.066
arms-turn-turnhip-s1             -0.003   -0.012   -0.017   -0.017   -0.018   -0.020   -0.033   -0.043   -0.057   -0.062   -0.067   -0.067
arms-turn-turnhip-s2             -0.003   -0.012   -0.015   -0.017   -0.019   -0.021   -0.035   -0.046   -0.056   -0.063   -0.064   -0.066
arms-turn-turntrack-s0           -0.009   -0.023   -0.030   -0.030   -0.028   -0.029   -0.034   -0.050   -0.122   -0.153   -0.174   -0.179
arms-turn-turntrack-s1           -0.009   -0.021   -0.027   -0.027   -0.028   -0.028   -0.035   -0.055   -0.118   -0.157   -0.176   -0.183
arms-turn-turntrack-s2           -0.009   -0.023   -0.029   -0.029   -0.029   -0.030   -0.034   -0.050   -0.116   -0.155   -0.172   -0.176
arms-turn-turnboth-s0            -0.003   -0.012   -0.015   -0.015   -0.017   -0.021   -0.034   -0.048   -0.059   -0.064   -0.067   -0.066
arms-turn-turnboth-s1            -0.004   -0.013   -0.016   -0.017   -0.018   -0.023   -0.037   -0.047   -0.057   -0.063   -0.065   -0.067
arms-turn-turnboth-s2            -0.003   -0.012   -0.014   -0.016   -0.018   -0.021   -0.037   -0.048   -0.060   -0.064   -0.065   -0.066
arms-turn-turncmd-s0             -0.009   -0.027   -0.028   -0.032   -0.036   -0.040   -0.047   -0.055   -0.064   -0.065   -0.068   -0.066
arms-turn-turncmd-s1             -0.007   -0.025   -0.029   -0.030   -0.034   -0.037   -0.045   -0.052   -0.061   -0.066   -0.067   -0.069
arms-turn-turncmd-s2             -0.007   -0.025   -0.029   -0.036   -0.038   -0.040   -0.043   -0.050   -0.060   -0.065   -0.068   -0.065

### Episode_Reward/joint_deviation_ankle_roll  (window +-50 it)
run                                  50      150      300      500      750     1000     1500     2000     3000     4000     5000     5950
arms-dr1.0-s0                    -0.005   -0.012   -0.014   -0.014   -0.015   -0.016   -0.017   -0.026   -0.064   -0.086   -0.099   -0.105
arms-turn-turnhip-s0             -0.002   -0.006   -0.008   -0.009   -0.010   -0.010   -0.017   -0.025   -0.035   -0.038   -0.039   -0.039
arms-turn-turnhip-s1             -0.002   -0.006   -0.009   -0.009   -0.010   -0.011   -0.018   -0.026   -0.035   -0.037   -0.040   -0.038
arms-turn-turnhip-s2             -0.002   -0.007   -0.008   -0.010   -0.011   -0.012   -0.020   -0.027   -0.034   -0.036   -0.037   -0.038
arms-turn-turntrack-s0           -0.005   -0.012   -0.015   -0.015   -0.016   -0.016   -0.020   -0.029   -0.073   -0.095   -0.108   -0.114
arms-turn-turntrack-s1           -0.006   -0.011   -0.014   -0.014   -0.015   -0.016   -0.020   -0.033   -0.071   -0.096   -0.112   -0.116
arms-turn-turntrack-s2           -0.006   -0.012   -0.015   -0.015   -0.015   -0.017   -0.020   -0.030   -0.070   -0.100   -0.111   -0.113
arms-turn-turnboth-s0            -0.002   -0.006   -0.008   -0.008   -0.009   -0.011   -0.019   -0.028   -0.037   -0.040   -0.041   -0.039
arms-turn-turnboth-s1            -0.002   -0.007   -0.009   -0.009   -0.010   -0.012   -0.021   -0.028   -0.036   -0.040   -0.040   -0.040
arms-turn-turnboth-s2            -0.002   -0.006   -0.007   -0.009   -0.010   -0.012   -0.022   -0.030   -0.038   -0.040   -0.039   -0.040
arms-turn-turncmd-s0             -0.005   -0.016   -0.015   -0.018   -0.020   -0.023   -0.029   -0.034   -0.040   -0.042   -0.043   -0.043
arms-turn-turncmd-s1             -0.004   -0.015   -0.016   -0.016   -0.019   -0.021   -0.027   -0.033   -0.039   -0.043   -0.044   -0.044
arms-turn-turncmd-s2             -0.004   -0.014   -0.016   -0.020   -0.022   -0.024   -0.027   -0.032   -0.038   -0.041   -0.043   -0.042

### Episode_Reward/joint_deviation_shoulder  (window +-50 it)
run                                  50      150      300      500      750     1000     1500     2000     3000     4000     5000     5950
arms-dr1.0-s0                    -0.010   -0.027   -0.037   -0.038   -0.039   -0.041   -0.044   -0.067   -0.158   -0.210   -0.240   -0.254
arms-turn-turnhip-s0             -0.012   -0.040   -0.050   -0.055   -0.057   -0.059   -0.094   -0.142   -0.204   -0.242   -0.261   -0.269
arms-turn-turnhip-s1             -0.011   -0.036   -0.054   -0.055   -0.056   -0.060   -0.102   -0.150   -0.214   -0.243   -0.265   -0.267
arms-turn-turnhip-s2             -0.011   -0.037   -0.048   -0.056   -0.057   -0.064   -0.108   -0.157   -0.213   -0.250   -0.259   -0.268
arms-turn-turntrack-s0           -0.010   -0.026   -0.038   -0.041   -0.041   -0.044   -0.052   -0.075   -0.185   -0.236   -0.270   -0.279
arms-turn-turntrack-s1           -0.010   -0.025   -0.035   -0.038   -0.040   -0.042   -0.054   -0.082   -0.176   -0.239   -0.268   -0.281
arms-turn-turntrack-s2           -0.010   -0.025   -0.038   -0.040   -0.041   -0.044   -0.053   -0.076   -0.175   -0.237   -0.271   -0.280
arms-turn-turnboth-s0            -0.012   -0.038   -0.050   -0.051   -0.055   -0.063   -0.107   -0.157   -0.234   -0.263   -0.278   -0.285
arms-turn-turnboth-s1            -0.013   -0.037   -0.051   -0.055   -0.056   -0.066   -0.110   -0.157   -0.217   -0.251   -0.274   -0.281
arms-turn-turnboth-s2            -0.012   -0.037   -0.048   -0.052   -0.058   -0.066   -0.118   -0.170   -0.229   -0.262   -0.277   -0.287
arms-turn-turncmd-s0             -0.026   -0.081   -0.092   -0.099   -0.106   -0.115   -0.134   -0.152   -0.187   -0.217   -0.242   -0.260
arms-turn-turncmd-s1             -0.024   -0.084   -0.099   -0.095   -0.104   -0.110   -0.130   -0.152   -0.188   -0.221   -0.243   -0.263
arms-turn-turncmd-s2             -0.025   -0.082   -0.095   -0.113   -0.116   -0.120   -0.134   -0.156   -0.194   -0.226   -0.254   -0.262

### Episode_Reward/joint_deviation_elbow  (window +-50 it)
run                                  50      150      300      500      750     1000     1500     2000     3000     4000     5000     5950
arms-dr1.0-s0                    -0.007   -0.020   -0.025   -0.024   -0.024   -0.024   -0.025   -0.037   -0.083   -0.109   -0.127   -0.136
arms-turn-turnhip-s0             -0.009   -0.029   -0.033   -0.033   -0.033   -0.034   -0.050   -0.074   -0.103   -0.122   -0.132   -0.140
arms-turn-turnhip-s1             -0.008   -0.026   -0.035   -0.034   -0.032   -0.033   -0.053   -0.077   -0.109   -0.123   -0.136   -0.139
arms-turn-turnhip-s2             -0.009   -0.028   -0.032   -0.035   -0.034   -0.036   -0.057   -0.080   -0.108   -0.128   -0.135   -0.142
arms-turn-turntrack-s0           -0.007   -0.020   -0.026   -0.026   -0.026   -0.026   -0.029   -0.041   -0.096   -0.126   -0.142   -0.151
arms-turn-turntrack-s1           -0.007   -0.018   -0.023   -0.024   -0.024   -0.024   -0.030   -0.045   -0.092   -0.125   -0.144   -0.150
arms-turn-turntrack-s2           -0.007   -0.019   -0.025   -0.026   -0.025   -0.026   -0.030   -0.041   -0.091   -0.127   -0.142   -0.149
arms-turn-turnboth-s0            -0.009   -0.029   -0.034   -0.032   -0.032   -0.035   -0.057   -0.082   -0.117   -0.134   -0.145   -0.149
arms-turn-turnboth-s1            -0.009   -0.027   -0.034   -0.034   -0.033   -0.037   -0.060   -0.082   -0.112   -0.132   -0.142   -0.148
arms-turn-turnboth-s2            -0.009   -0.027   -0.032   -0.033   -0.034   -0.038   -0.063   -0.089   -0.119   -0.132   -0.143   -0.150
arms-turn-turncmd-s0             -0.019   -0.057   -0.059   -0.063   -0.062   -0.063   -0.071   -0.079   -0.098   -0.114   -0.127   -0.139
arms-turn-turncmd-s1             -0.018   -0.059   -0.062   -0.057   -0.059   -0.061   -0.068   -0.079   -0.098   -0.117   -0.129   -0.141
arms-turn-turncmd-s2             -0.018   -0.058   -0.061   -0.069   -0.067   -0.066   -0.071   -0.081   -0.101   -0.120   -0.131   -0.138

### Episode_Reward/dof_pos_limits  (window +-50 it)
run                                  50      150      300      500      750     1000     1500     2000     3000     4000     5000     5950
arms-dr1.0-s0                    -0.004   -0.012   -0.016   -0.018   -0.019   -0.020   -0.024   -0.037   -0.091   -0.127   -0.149   -0.159
arms-turn-turnhip-s0             -0.005   -0.017   -0.023   -0.026   -0.029   -0.033   -0.056   -0.088   -0.132   -0.157   -0.171   -0.179
arms-turn-turnhip-s1             -0.005   -0.016   -0.025   -0.026   -0.029   -0.033   -0.061   -0.094   -0.137   -0.157   -0.174   -0.176
arms-turn-turnhip-s2             -0.005   -0.016   -0.021   -0.026   -0.030   -0.035   -0.065   -0.095   -0.136   -0.158   -0.169   -0.178
arms-turn-turntrack-s0           -0.004   -0.011   -0.016   -0.019   -0.020   -0.022   -0.028   -0.041   -0.103   -0.134   -0.156   -0.166
arms-turn-turntrack-s1           -0.004   -0.011   -0.015   -0.017   -0.019   -0.021   -0.028   -0.045   -0.100   -0.144   -0.165   -0.173
arms-turn-turntrack-s2           -0.004   -0.011   -0.016   -0.018   -0.020   -0.022   -0.027   -0.040   -0.096   -0.138   -0.158   -0.166
arms-turn-turnboth-s0            -0.005   -0.016   -0.022   -0.023   -0.028   -0.034   -0.062   -0.093   -0.137   -0.161   -0.171   -0.179
arms-turn-turnboth-s1            -0.005   -0.016   -0.023   -0.026   -0.029   -0.037   -0.066   -0.097   -0.139   -0.164   -0.176   -0.185
arms-turn-turnboth-s2            -0.005   -0.016   -0.021   -0.025   -0.030   -0.037   -0.069   -0.103   -0.143   -0.164   -0.175   -0.184
arms-turn-turncmd-s0             -0.010   -0.031   -0.037   -0.042   -0.052   -0.060   -0.076   -0.090   -0.114   -0.132   -0.146   -0.159
arms-turn-turncmd-s1             -0.009   -0.031   -0.040   -0.042   -0.050   -0.057   -0.072   -0.089   -0.113   -0.134   -0.149   -0.161
arms-turn-turncmd-s2             -0.009   -0.030   -0.039   -0.051   -0.055   -0.062   -0.074   -0.090   -0.116   -0.138   -0.155   -0.163

### Episode_Reward/feet_slide  (window +-50 it)
run                                  50      150      300      500      750     1000     1500     2000     3000     4000     5000     5950
arms-dr1.0-s0                    -0.001   -0.001   -0.002   -0.002   -0.002   -0.002   -0.003   -0.004   -0.009   -0.012   -0.014   -0.015
arms-turn-turnhip-s0             -0.001   -0.002   -0.003   -0.004   -0.004   -0.004   -0.007   -0.011   -0.015   -0.017   -0.018   -0.019
arms-turn-turnhip-s1             -0.001   -0.002   -0.003   -0.004   -0.004   -0.005   -0.008   -0.011   -0.015   -0.017   -0.018   -0.019
arms-turn-turnhip-s2             -0.001   -0.002   -0.003   -0.004   -0.004   -0.005   -0.008   -0.011   -0.015   -0.017   -0.018   -0.019
arms-turn-turntrack-s0           -0.001   -0.001   -0.002   -0.002   -0.002   -0.002   -0.003   -0.004   -0.010   -0.013   -0.015   -0.016
arms-turn-turntrack-s1           -0.001   -0.001   -0.002   -0.002   -0.002   -0.002   -0.003   -0.005   -0.010   -0.013   -0.015   -0.016
arms-turn-turntrack-s2           -0.001   -0.001   -0.002   -0.002   -0.002   -0.002   -0.003   -0.004   -0.010   -0.013   -0.015   -0.016
arms-turn-turnboth-s0            -0.001   -0.002   -0.003   -0.003   -0.004   -0.005   -0.008   -0.011   -0.016   -0.018   -0.019   -0.019
arms-turn-turnboth-s1            -0.001   -0.002   -0.003   -0.004   -0.004   -0.005   -0.008   -0.011   -0.015   -0.017   -0.019   -0.019
arms-turn-turnboth-s2            -0.001   -0.002   -0.003   -0.003   -0.004   -0.005   -0.009   -0.012   -0.016   -0.018   -0.018   -0.019
arms-turn-turncmd-s0             -0.001   -0.004   -0.005   -0.006   -0.007   -0.008   -0.010   -0.012   -0.014   -0.016   -0.018   -0.018
arms-turn-turncmd-s1             -0.001   -0.004   -0.005   -0.005   -0.006   -0.007   -0.009   -0.011   -0.014   -0.017   -0.018   -0.019
arms-turn-turncmd-s2             -0.001   -0.004   -0.005   -0.006   -0.007   -0.008   -0.010   -0.012   -0.015   -0.017   -0.018   -0.019

### Episode_Reward/termination_penalty  (window +-50 it)
run                                  50      150      300      500      750     1000     1500     2000     3000     4000     5000     5950
arms-dr1.0-s0                    -0.020   -0.020   -0.019   -0.019   -0.019   -0.019   -0.019   -0.019   -0.015   -0.011   -0.009   -0.007
arms-turn-turnhip-s0             -0.020   -0.019   -0.019   -0.019   -0.019   -0.019   -0.018   -0.016   -0.013   -0.010   -0.008   -0.007
arms-turn-turnhip-s1             -0.020   -0.019   -0.019   -0.019   -0.019   -0.019   -0.018   -0.016   -0.012   -0.010   -0.008   -0.007
arms-turn-turnhip-s2             -0.020   -0.019   -0.019   -0.019   -0.019   -0.019   -0.018   -0.016   -0.012   -0.009   -0.008   -0.007
arms-turn-turntrack-s0           -0.020   -0.020   -0.019   -0.019   -0.019   -0.019   -0.019   -0.019   -0.014   -0.010   -0.007   -0.005
arms-turn-turntrack-s1           -0.020   -0.020   -0.020   -0.019   -0.019   -0.019   -0.019   -0.018   -0.014   -0.010   -0.007   -0.005
arms-turn-turntrack-s2           -0.020   -0.020   -0.019   -0.019   -0.019   -0.019   -0.019   -0.019   -0.014   -0.010   -0.007   -0.006
arms-turn-turnboth-s0            -0.020   -0.019   -0.019   -0.019   -0.019   -0.019   -0.018   -0.016   -0.011   -0.009   -0.007   -0.006
arms-turn-turnboth-s1            -0.020   -0.019   -0.019   -0.019   -0.019   -0.019   -0.018   -0.016   -0.012   -0.009   -0.007   -0.006
arms-turn-turnboth-s2            -0.020   -0.019   -0.019   -0.019   -0.019   -0.019   -0.017   -0.015   -0.011   -0.009   -0.007   -0.006
arms-turn-turncmd-s0             -0.019   -0.017   -0.017   -0.017   -0.017   -0.016   -0.016   -0.014   -0.013   -0.010   -0.009   -0.007
arms-turn-turncmd-s1             -0.019   -0.017   -0.017   -0.017   -0.017   -0.017   -0.016   -0.015   -0.013   -0.010   -0.008   -0.006
arms-turn-turncmd-s2             -0.019   -0.017   -0.017   -0.016   -0.016   -0.016   -0.016   -0.015   -0.012   -0.010   -0.008   -0.007

### Episode_Reward/dof_acc_l2  (window +-50 it)
run                                  50      150      300      500      750     1000     1500     2000     3000     4000     5000     5950
arms-dr1.0-s0                    -0.001   -0.001   -0.001   -0.002   -0.002   -0.002   -0.003   -0.006   -0.019   -0.028   -0.034   -0.035
arms-turn-turnhip-s0             -0.001   -0.001   -0.002   -0.003   -0.004   -0.005   -0.012   -0.021   -0.034   -0.041   -0.045   -0.046
arms-turn-turnhip-s1             -0.001   -0.001   -0.003   -0.004   -0.005   -0.006   -0.014   -0.024   -0.036   -0.040   -0.045   -0.045
arms-turn-turnhip-s2             -0.001   -0.001   -0.002   -0.004   -0.005   -0.006   -0.015   -0.024   -0.035   -0.041   -0.044   -0.044
arms-turn-turntrack-s0           -0.001   -0.001   -0.002   -0.002   -0.002   -0.003   -0.004   -0.007   -0.024   -0.032   -0.037   -0.039
arms-turn-turntrack-s1           -0.001   -0.001   -0.001   -0.002   -0.002   -0.002   -0.004   -0.008   -0.022   -0.033   -0.038   -0.039
arms-turn-turntrack-s2           -0.001   -0.001   -0.002   -0.002   -0.002   -0.003   -0.004   -0.007   -0.021   -0.033   -0.038   -0.038