0
200000000
400000000
600000000
800000000
1000000000
1200000000
1400000000
1600000000
1800000000
2000000000
2200000000
2400000000
2600000000
2800000000
3000000000
3200000000
3400000000
3600000000
3800000000
4000000000
4200000000
4400000000
4600000000
4800000000
5000000000
5200000000
5400000000
5600000000
5800000000
6000000000
6200000000
6400000000
6600000000
6800000000
7000000000
7200000000
7400000000
7600000000
7800000000
8000000000
8200000000
8400000000
8600000000
8800000000
9000000000
9200000000
9400000000
9600000000
9800000000
10000000000
10200000000
10400000000
10600000000
10800000000
11000000000
11200000000
11400000000
11600000000
11800000000
12000000000
12200000000
12400000000
12600000000
12800000000
13000000000
13200000000
13400000000
13600000000
13800000000
14000000000
14200000000
14400000000
14600000000
14800000000
15000000000
15200000000
15400000000
15600000000
15800000000
16000000000
16200000000
16400000000
16600000000
16800000000
17000000000
17200000000
17400000000
17600000000
17800000000
18000000000
18200000000
18400000000
18600000000
18800000000
19000000000
19200000000
19400000000
19600000000
19800000000
20000000000
20200000000
20400000000
20600000000
20800000000
21000000000
21200000000
21400000000
21600000000
21800000000
22000000000
22200000000
22400000000
22600000000
22800000000
23000000000
23200000000
23400000000
23600000000
23800000000
24000000000
24200000000
24400000000
24600000000
24800000000
25000000000
25200000000
25400000000
25600000000
25800000000
26000000000
26200000000
26400000000
26600000000
26800000000
27000000000
27200000000
27400000000
27600000000
27800000000
28000000000
28200000000
28400000000
28600000000
28800000000
29000000000
29200000000
29400000000
29600000000
29800000000
